111 mm

11111111136.

nemus (= 11111) 1144 [1135]

nepos (= 11111611 1111ο[111] 11 34. 111111
126. 1111111111 11 111 1111111111] 1112.
1116111111 (eum 11111 1132) 11 32. 46.
11111111] 11 4.

neque V 15 511.

[Nehonem 121. 45. 1111111111281 111-
[1]1111138. ’

[1111111 11 22.

[11111111] (= ὄνομα) 11 21, nominis 11 111.
15. 11611111 (cum 1111111 3. 34. 40)
1118 113. 23. 31. 32. 34 111. 40. 531
[11]11[111] 11 35.

1611]1α111111“11Ν16.29) 11 16. 29 1141
11[111]1 10.

1111111] 11 131 [111111 1161 [11111111
33. 11111111 V 51 115. 1111111111 V 26.

novus (= καινός 1112 11311 1111111121
1111111 12. 1111 11 31. 111111] 1112.

1111111113. 1111111118.

numeravi (τι ἠρίθμησα) 111 1. 25. [1]1-

Ι 111111111131.

numerum 11 1. [11111111 1131.

[1]11111111[111]1 (= ἆργυριαᾶς) 111 42.

1111111111 (1111111111.) 11118. 1111111111 111 13.

nune IV 44.

11111111[111111111] 1 24.

1111111111 14 V 441 11111[1]111111 11 21.

111124.

[1111111111 11 35.

[1]11111111 11 26.

occupo (ει προκαταλαμβάνω)1 occupaverat
1126. 1111111111 V 34.

51111111 11. [oceanum] V 14.

0111111111 Ν 4.

octingentos lV 45.

octoginta lV 11 [1131]

omnino [ε μόνον) 11 44.

omnium 11126 11 49 191 [1111111111114.
omnibus 1 1418. 1[11111]11201 omnis
(111.11.)132. 1111111119.

oppidum ·(= πόλις) V 21. 23. 1111111 V 21.

1111111111 1 2.

11111 (ε ἔργον) 119. 11111 1114 1131.

1111111111. 1. 11111113.

ordo 11 24. ordinem (= βουλῇ) 14.

’ 11111111 (= ἀνατολαί) V 14. 11111[11]111

132.

1111111111 V 31.

ornamenta (= 111131111ταῦ 11 49. · ¹
011611 11 11101111[1]1 11 4.

6111111111-ι στόμα) V 11. 61111 V 14.
11111121.

1......1139.

paco (= 1111111111 1. 131 [eu] εἰρήνῃ καθ-
- 1111111 12): 111111111121. [111111]

V 13. · ,
11111111 (eum 1111111 8) Ν 2. Β [11351.
Pannoniorum V 44. ¹
[11111] 1 4. ,
pareo 1-- φείὸομαι)1 peperci 1 14.
1111111111 (-- πατέρα) 1 10.

11111111] (= ἀσπίσιν) 111 5.

pario: 1111111 43.

11111134. 111111122 133. ,

111-[1111111111. Parthorum 154 11 3. 9.
1111111149.

1111111 = Πασσιὴνῳ 111 29.

111111124. 1111111111. 11111 11 14.

patior: 1111111 (= εἴασα) 11 3. .

[1]111111 1125.

patriciorum 11 1.

patrimonium [π ὕπαρξις)1 matrimonio

11191 111[111111111]111421 [11]1[1·111]11111 ’

11139.

111111 111 21.

[Paullo] 1 38.

1111144. [11111]1139.

11111111 (= χρῆμα 11 53 11 291 χρήματα
11122) 1146. 111111[1]111129. pe-

1111111119 11122. 11111111 11531 g

[1111111111 34.

1111111111 11 51.

1114111111 (-- κατοικιδίων 11 1, [π]ατρίωα
in 1111111133) 111 1133.

1111111111(ῖ-τ ἀδύτῳ) 142.

[1]11111[1] (= σπάνει) 1 33.

11112 113. 11. 21, 28. 45. 52 115.
141 [111111 431 [11]1 1211 pest] 1120.

perficio (= 1111111 perfeci 11 14. per-
fecissem 11 16. 11161111 16.

11[11]1[11] 1 34,

1111111111[1]11 (= ἠρίθμησα) 111 10.

persolvi 111 32.

1[1]11111111111ΙΠ 13. perventum] V 22

pes: 1111111145.

1111 (= 11111ῖν 118 11161 ἀξιοῦν 142.
51)1 1111111111 1 18 [51]. 111111 1 42.
1111111116. 111[1]11111 10.

 

